{
 "cells": [
  {
   "cell_type": "code",
   "execution_count": 3,
   "metadata": {},
   "outputs": [],
   "source": [
    "import numpy as np\n",
    "import pandas as pd\n",
    "\n",
    "import torch\n",
    "import torch.nn as nn\n",
    "import torch.optim as optim\n",
    "from torch.utils.data import DataLoader, Dataset, random_split"
   ]
  },
  {
   "cell_type": "markdown",
   "metadata": {},
   "source": [
    "1. Our date here is csv file"
   ]
  },
  {
   "cell_type": "code",
   "execution_count": 5,
   "metadata": {},
   "outputs": [
    {
     "name": "stdout",
     "output_type": "stream",
     "text": [
      "    Unnamed: 0  axial_max   tang_max  index_of_axm  index_of_tnm   \n",
      "0            0 -16.549675 -17.654378            28            48  \\\n",
      "1            1 -16.564726 -17.815883            28            52   \n",
      "2            2 -16.335568 -17.578816            28            50   \n",
      "3            3 -15.968865 -17.108087            28            47   \n",
      "4            4 -15.227270 -16.266240            28            49   \n",
      "5            5 -14.682051 -15.377140            27            51   \n",
      "6            6 -14.086215 -14.515554            27            50   \n",
      "7            7 -13.962619 -13.729980            28            45   \n",
      "8            8 -13.620183 -13.183838            27            44   \n",
      "9            9 -12.883969 -11.235115            24            41   \n",
      "10          10 -13.098969 -11.084784            26            42   \n",
      "11          11 -12.751146 -10.814068            25            42   \n",
      "12          12 -12.733408 -10.284844            26            41   \n",
      "13          13 -12.569104  -9.657776            25            41   \n",
      "14          14 -12.345295  -9.201949            26            41   \n",
      "\n",
      "    axial_in_mxt  tang_in_mxa  cone_angl   frequancy  label  \n",
      "0     -10.975493   -16.597827          4  126.984123      1  \n",
      "1     -14.410172   -16.724255          4  126.984123      1  \n",
      "2     -12.664116   -16.415995          4  125.152626      1  \n",
      "3     -10.236513   -15.878571          4  120.879120      1  \n",
      "4     -12.056063   -15.246275          4  114.774117      1  \n",
      "5     -13.252567   -14.618555          4  110.500610      1  \n",
      "6     -12.391912   -13.732776          4  106.837608      1  \n",
      "7      -9.941273   -13.021375          4  103.174606      1  \n",
      "8      -9.637045   -12.329567          4  100.122101      1  \n",
      "9      -8.141471    -9.640001          4   94.017097      1  \n",
      "10     -9.056235    -8.825162          4   90.964592      1  \n",
      "11     -9.361753    -8.678182          4   89.743591      1  \n",
      "12     -8.761382    -8.237699          4   87.301590      1  \n",
      "13     -8.909603    -7.845732          4   86.080589      1  \n",
      "14     -8.901943    -7.313921          4   84.859589      1  \n"
     ]
    }
   ],
   "source": [
    "data = pd.read_csv('./data/regresion_data.csv')\n",
    "\n",
    "print(data.head(15))"
   ]
  },
  {
   "cell_type": "code",
   "execution_count": 8,
   "metadata": {},
   "outputs": [
    {
     "data": {
      "text/html": [
       "<div>\n",
       "<style scoped>\n",
       "    .dataframe tbody tr th:only-of-type {\n",
       "        vertical-align: middle;\n",
       "    }\n",
       "\n",
       "    .dataframe tbody tr th {\n",
       "        vertical-align: top;\n",
       "    }\n",
       "\n",
       "    .dataframe thead th {\n",
       "        text-align: right;\n",
       "    }\n",
       "</style>\n",
       "<table border=\"1\" class=\"dataframe\">\n",
       "  <thead>\n",
       "    <tr style=\"text-align: right;\">\n",
       "      <th></th>\n",
       "      <th>Unnamed: 0</th>\n",
       "      <th>axial_max</th>\n",
       "      <th>tang_max</th>\n",
       "      <th>index_of_axm</th>\n",
       "      <th>index_of_tnm</th>\n",
       "      <th>axial_in_mxt</th>\n",
       "      <th>tang_in_mxa</th>\n",
       "      <th>cone_angl</th>\n",
       "      <th>frequancy</th>\n",
       "    </tr>\n",
       "  </thead>\n",
       "  <tbody>\n",
       "    <tr>\n",
       "      <th>Unnamed: 0</th>\n",
       "      <td>1.000000</td>\n",
       "      <td>0.090027</td>\n",
       "      <td>-0.173690</td>\n",
       "      <td>0.260204</td>\n",
       "      <td>0.156155</td>\n",
       "      <td>0.066646</td>\n",
       "      <td>-0.106544</td>\n",
       "      <td>0.491344</td>\n",
       "      <td>0.200412</td>\n",
       "    </tr>\n",
       "    <tr>\n",
       "      <th>axial_max</th>\n",
       "      <td>0.090027</td>\n",
       "      <td>1.000000</td>\n",
       "      <td>0.561212</td>\n",
       "      <td>-0.122261</td>\n",
       "      <td>-0.618246</td>\n",
       "      <td>0.507295</td>\n",
       "      <td>0.705253</td>\n",
       "      <td>0.111136</td>\n",
       "      <td>-0.427821</td>\n",
       "    </tr>\n",
       "    <tr>\n",
       "      <th>tang_max</th>\n",
       "      <td>-0.173690</td>\n",
       "      <td>0.561212</td>\n",
       "      <td>1.000000</td>\n",
       "      <td>-0.800335</td>\n",
       "      <td>-0.762442</td>\n",
       "      <td>-0.119445</td>\n",
       "      <td>0.922197</td>\n",
       "      <td>-0.015606</td>\n",
       "      <td>-0.888472</td>\n",
       "    </tr>\n",
       "    <tr>\n",
       "      <th>index_of_axm</th>\n",
       "      <td>0.260204</td>\n",
       "      <td>-0.122261</td>\n",
       "      <td>-0.800335</td>\n",
       "      <td>1.000000</td>\n",
       "      <td>0.603070</td>\n",
       "      <td>0.456505</td>\n",
       "      <td>-0.586855</td>\n",
       "      <td>0.082212</td>\n",
       "      <td>0.811811</td>\n",
       "    </tr>\n",
       "    <tr>\n",
       "      <th>index_of_tnm</th>\n",
       "      <td>0.156155</td>\n",
       "      <td>-0.618246</td>\n",
       "      <td>-0.762442</td>\n",
       "      <td>0.603070</td>\n",
       "      <td>1.000000</td>\n",
       "      <td>-0.350267</td>\n",
       "      <td>-0.788152</td>\n",
       "      <td>-0.072265</td>\n",
       "      <td>0.704177</td>\n",
       "    </tr>\n",
       "    <tr>\n",
       "      <th>axial_in_mxt</th>\n",
       "      <td>0.066646</td>\n",
       "      <td>0.507295</td>\n",
       "      <td>-0.119445</td>\n",
       "      <td>0.456505</td>\n",
       "      <td>-0.350267</td>\n",
       "      <td>1.000000</td>\n",
       "      <td>0.103063</td>\n",
       "      <td>0.200052</td>\n",
       "      <td>0.255629</td>\n",
       "    </tr>\n",
       "    <tr>\n",
       "      <th>tang_in_mxa</th>\n",
       "      <td>-0.106544</td>\n",
       "      <td>0.705253</td>\n",
       "      <td>0.922197</td>\n",
       "      <td>-0.586855</td>\n",
       "      <td>-0.788152</td>\n",
       "      <td>0.103063</td>\n",
       "      <td>1.000000</td>\n",
       "      <td>0.031089</td>\n",
       "      <td>-0.799676</td>\n",
       "    </tr>\n",
       "    <tr>\n",
       "      <th>cone_angl</th>\n",
       "      <td>0.491344</td>\n",
       "      <td>0.111136</td>\n",
       "      <td>-0.015606</td>\n",
       "      <td>0.082212</td>\n",
       "      <td>-0.072265</td>\n",
       "      <td>0.200052</td>\n",
       "      <td>0.031089</td>\n",
       "      <td>1.000000</td>\n",
       "      <td>0.124758</td>\n",
       "    </tr>\n",
       "    <tr>\n",
       "      <th>frequancy</th>\n",
       "      <td>0.200412</td>\n",
       "      <td>-0.427821</td>\n",
       "      <td>-0.888472</td>\n",
       "      <td>0.811811</td>\n",
       "      <td>0.704177</td>\n",
       "      <td>0.255629</td>\n",
       "      <td>-0.799676</td>\n",
       "      <td>0.124758</td>\n",
       "      <td>1.000000</td>\n",
       "    </tr>\n",
       "  </tbody>\n",
       "</table>\n",
       "</div>"
      ],
      "text/plain": [
       "              Unnamed: 0  axial_max  tang_max  index_of_axm  index_of_tnm   \n",
       "Unnamed: 0      1.000000   0.090027 -0.173690      0.260204      0.156155  \\\n",
       "axial_max       0.090027   1.000000  0.561212     -0.122261     -0.618246   \n",
       "tang_max       -0.173690   0.561212  1.000000     -0.800335     -0.762442   \n",
       "index_of_axm    0.260204  -0.122261 -0.800335      1.000000      0.603070   \n",
       "index_of_tnm    0.156155  -0.618246 -0.762442      0.603070      1.000000   \n",
       "axial_in_mxt    0.066646   0.507295 -0.119445      0.456505     -0.350267   \n",
       "tang_in_mxa    -0.106544   0.705253  0.922197     -0.586855     -0.788152   \n",
       "cone_angl       0.491344   0.111136 -0.015606      0.082212     -0.072265   \n",
       "frequancy       0.200412  -0.427821 -0.888472      0.811811      0.704177   \n",
       "\n",
       "              axial_in_mxt  tang_in_mxa  cone_angl  frequancy  \n",
       "Unnamed: 0        0.066646    -0.106544   0.491344   0.200412  \n",
       "axial_max         0.507295     0.705253   0.111136  -0.427821  \n",
       "tang_max         -0.119445     0.922197  -0.015606  -0.888472  \n",
       "index_of_axm      0.456505    -0.586855   0.082212   0.811811  \n",
       "index_of_tnm     -0.350267    -0.788152  -0.072265   0.704177  \n",
       "axial_in_mxt      1.000000     0.103063   0.200052   0.255629  \n",
       "tang_in_mxa       0.103063     1.000000   0.031089  -0.799676  \n",
       "cone_angl         0.200052     0.031089   1.000000   0.124758  \n",
       "frequancy         0.255629    -0.799676   0.124758   1.000000  "
      ]
     },
     "execution_count": 8,
     "metadata": {},
     "output_type": "execute_result"
    }
   ],
   "source": [
    "data = data.drop(columns='label')\n",
    "data.corr()"
   ]
  },
  {
   "cell_type": "code",
   "execution_count": null,
   "metadata": {},
   "outputs": [],
   "source": [
    "# Define a Dataset\n",
    "class RegressionDataset(Dataset):\n",
    "    def __init__(self, X, y):\n",
    "        super().__init__()\n",
    "        self.X = torch.from_numpy(X_numpy.astype('float32'))\n",
    "        self.y = torch.from_numpy(y_numpy.astype('float32'))\n",
    "\n",
    "    def __len__(self):\n",
    "        return len(self.X)\n",
    "    \n",
    "    def __getitem__(self, index):\n",
    "        return self.X[index], self.y[index].unsqueeze(0)\n",
    "    \n",
    "dataset = RegressionDataset(X_numpy, y_numpy)"
   ]
  }
 ],
 "metadata": {
  "kernelspec": {
   "display_name": "Python 3",
   "language": "python",
   "name": "python3"
  },
  "language_info": {
   "codemirror_mode": {
    "name": "ipython",
    "version": 3
   },
   "file_extension": ".py",
   "mimetype": "text/x-python",
   "name": "python",
   "nbconvert_exporter": "python",
   "pygments_lexer": "ipython3",
   "version": "3.11.3"
  }
 },
 "nbformat": 4,
 "nbformat_minor": 2
}
